# <single_simualte>
single_simualte = True

weight_of_method_t_f = 3
weights_of_mets = np.array([1, 3, 3, 3, 1, 1, 1]) ** 2

[2.6547400289808056, 0.8618459714625065, 1.0537842001743312, 4.805950777129157]
[0.28753369346443586, 1.7896262273758097, 1.024343656228008, 2.9100106342371426, 20.655425167691163]
[0.9279654961413952, 1.0523178389478907, 1.3384294392926053, 12.588282674204386]

# <only three>
weights_of_mets = np.array([1, 3, 3, 3, 1, 1, 1]) ** 2  # note accap teable

[[2.189417194036455, 1.4087024548283056, 0.5740235992262348, 4.487191544056019,],
[0.355857628652716, 1.6333338045281858, 0.7423490583851065, 3.675046123922691, 4.997956574477847,],
[1.1285544304515365, 1.2913315339626097, 2.983243683994936, 3.4545871936717907]]

weights_of_mets = np.array([1, 2, 2, 2, 1, 1, 1]) ** 2

[[2.3251438151718187, 1.403089303754597, 0.5278288936019604, 3.6762340396210043,],
[0.42924250558109334, 2.032357182445656, 0.7314315789822587, 3.7667401897462867, 5.121964331019896,],
[1.009459431039585, 1.1596823249109671, 3.085879566048506, 3.167922355209872]]

experiment data 2
weights_of_mets = np.array([1, 2, 2, 2, 1, 1, 1]) ** 2
[[2.2531405367076918, 0.9973224036886428, 0.566442251311643, 4.436558794183497,],
[0.3774930620798408, 1.6747239459283212, 0.6741512913532808, 4.269888360425546, 4.858419751222105,],
[1.3253202630611203, 1.284324936872614, 3.236006827570308, 3.3472469680502153]]


# <bi_culture >
ac
weight_of_method_t_f = 3
weights_of_mets = np.array([1, 2, 2, 2, 1, 1, 1]) ** 2
weights_of_model = np.array([0, 0, 0, 1, 1, 1]) ** 2

[[1.1476799384850391, 1.800739713046438, 0.5274750713691652, 9.328971582531018,],
[0.4324051127806572, 2.488188353053067, 0.24713495807393837, 6.112875603616116, 5.179418106602482,],
[1.1842485338331836, 1.968710065810737, 3.6893533371044187, 1.5007839699440488],]


# <single and bi >
bi_simualte_ac = True
weight_of_method_t_f = 3
weights_of_mets = np.array([1, 2, 2, 2, 1, 1, 1]) ** 2
weights_of_model = np.array([1, 1, 1, 1, 1, 1]) ** 2

[[2.2379168652729176, 1.2145745686317129, 0.5233996732747433, 5.4316856367176065,],
[0.3731841170798912, 2.1758646960729724, 0.7195949312514589, 2.8971447809441013, 6.708838989804339,],
[1.2184953598182564, 1.571412512968826, 1.7442422620186666, 3.250675479970697],]

weights_of_mets = np.array([1, 1, 1, 1, 1, 1, 1]) ** 2

[1.7369779703572856, 1.0944114536597889, 0.6016473855615865, 5.057676440675369, 0.4171417147929468, 1.8160685173339068, 0.9130196039782974, 3.59088568650529, 5.278311199177647, 1.116247854954699, 1.3241790753573937, 1.746486994153213, 3.8718886591654593]


# <tri_siumlate>
tri_siumlate = True
weight_of_method_t_f = 3
weights_of_mets = np.array([1, 2, 2, 2, 1, 1, 1]) ** 2
weights_of_model = np.array([1, 1, 1, 1, 1, 1, 1]) ** 2
[[2.541961875210461, 1.2831457671864936, 0.5649453231801709, 5.477812377638443, ],
[0.44257698464151307, 1.7894971728790647, 0.87271586592311, 3.2362580982502926, 4.9993984516339935, ],
[1.1981149919279463, 1.4004227437231078, 1.5677620184454524, 3.6577857451424602]]


experiment data 2

[[2.4411872366259413, 0.8109138345949014, 0.7965467037173171, 4.9793847089119545, ],
[0.3877592943451045, 1.7539525760692731, 0.8055469670537101, 2.323911664538903, 5.927046744044873,],
[1.1472320867026822, 1.2156038072361341, 1.886338765440093, 3.8908310758493467]],












